0 0.660411 0.630348 0.168432 0.118984
0 0.538098 0.572861 0.172442 0.113636
0 0.668432 0.536096 0.096247 0.085561
0 0.950514 0.621658 0.098972 0.114973
0 0.932108 0.484626 0.098252 0.065508
0 0.837866 0.503342 0.110283 0.073529
0 0.872956 0.409091 0.084216 0.058824
0 0.567172 0.407086 0.078200 0.046791
0 0.637352 0.225936 0.098252 0.064171
0 0.442853 0.257353 0.062159 0.054813
0 0.518046 0.261364 0.052134 0.036096
0 0.202237 0.237299 0.074190 0.054813
0 0.111003 0.570187 0.140360 0.105615
0 0.299486 0.535428 0.152391 0.100267
0 0.391722 0.445856 0.088226 0.060160
0 0.219280 0.517380 0.100257 0.074866
0 0.058869 0.248663 0.088226 0.050802
0 0.755655 0.760027 0.218560 0.169786
0 0.240334 0.667112 0.194499 0.112299
0 0.284447 0.242647 0.062159 0.052139
0 0.397738 0.268717 0.056144 0.048128