0 0.521413 0.910746 0.108804 0.178508
0 0.440680 0.659777 0.058625 0.129670
0 0.401928 0.640401 0.050676 0.098370
0 0.601153 0.524145 0.045707 0.080485
0 0.411367 0.517811 0.032790 0.057383
0 0.550477 0.656051 0.068561 0.113275
0 0.677979 0.620585 0.053747 0.095593
0 0.678747 0.513475 0.016892 0.035703
0 0.279582 0.531012 0.027287 0.067568
0 0.317048 0.582987 0.036383 0.067568
0 0.416450 0.489757 0.014293 0.029236
0 0.906965 0.735988 0.120409 0.203352
0 0.942048 0.488457 0.024255 0.040930
0 0.900684 0.481311 0.019491 0.034433
0 0.980769 0.554725 0.038462 0.095504
0 0.764250 0.538808 0.042013 0.064969
0 0.725485 0.558299 0.034650 0.058472
0 0.732632 0.681415 0.061937 0.129288
0 0.647523 0.548229 0.032051 0.044828
0 0.662249 0.522241 0.019058 0.039631
0 0.630847 0.510547 0.016892 0.034433
0 0.724402 0.513470 0.036816 0.058472