0 0.119779 0.647862 0.055283 0.123607
0 0.308149 0.729627 0.057330 0.102878
0 0.199120 0.642104 0.044021 0.084452
0 0.315827 0.526942 0.056306 0.089058
0 0.369318 0.610626 0.035319 0.070632
0 0.362664 0.559571 0.027129 0.056045
0 0.397727 0.556884 0.030713 0.058349
0 0.427928 0.561107 0.036855 0.063723
0 0.470158 0.513123 0.027129 0.052207
0 0.479627 0.642488 0.039926 0.088291
0 0.449171 0.632891 0.027129 0.069097
0 0.539261 0.611010 0.035319 0.068329
0 0.562295 0.625213 0.039414 0.069097
0 0.557176 0.719262 0.058866 0.134355
0 0.610923 0.650933 0.045557 0.097504
0 0.687961 0.595655 0.037879 0.077542
0 0.691032 0.757265 0.062449 0.109020
0 0.773188 0.678188 0.043509 0.099807
0 0.720977 0.873963 0.083436 0.147407
0 0.800573 0.844404 0.000000 0.000768
0 0.745291 0.565329 0.036855 0.069097
0 0.717649 0.586058 0.037879 0.073703
0 0.780354 0.598342 0.040438 0.075239
0 0.609132 0.484332 0.030713 0.062187
0 0.811835 0.566097 0.032760 0.067562
0 0.889128 0.728091 0.064496 0.110555
0 0.881450 0.514274 0.024570 0.048368
0 0.850481 0.442490 0.019963 0.042994
0 0.818233 0.519649 0.026106 0.031478
0 0.770117 0.522720 0.027129 0.042226
0 0.736589 0.516194 0.030713 0.039923
0 0.708180 0.513891 0.022011 0.041458
0 0.696919 0.493545 0.023034 0.037619
0 0.675420 0.550742 0.029177 0.059884
0 0.674140 0.409093 0.020475 0.034548
0 0.772676 0.430974 0.019963 0.035316
0 0.817977 0.444410 0.016380 0.039155
0 0.817209 0.410245 0.018939 0.032245
0 0.539261 0.542297 0.024058 0.044529
0 0.538749 0.502374 0.018939 0.032245