0 0.565878 0.562401 0.092409 0.175874
0 0.475954 0.423788 0.075517 0.134141
0 0.697536 0.498311 0.079491 0.160970
0 0.606618 0.337341 0.072536 0.137122
0 0.677663 0.312748 0.063593 0.126689
0 0.580783 0.218104 0.062599 0.110294
0 0.466017 0.248659 0.061606 0.129670
0 0.469992 0.072784 0.057631 0.102842
0 0.348768 0.033784 0.051669 0.067568
0 0.337838 0.191276 0.059618 0.110294
0 0.386526 0.298589 0.063593 0.119237
0 0.341812 0.450616 0.077504 0.155008
0 0.272258 0.323182 0.077504 0.120727
0 0.336347 0.687599 0.094396 0.184817
0 0.218104 0.045707 0.054650 0.091414
0 0.233506 0.247913 0.061606 0.113275
0 0.077504 0.284430 0.069555 0.114766
0 0.082969 0.179352 0.060612 0.116256
0 0.137122 0.537808 0.083466 0.159479
0 0.124205 0.376838 0.069555 0.135632
0 0.186308 0.816524 0.100358 0.198231
0 0.124702 0.028567 0.048688 0.057134
0 0.737778 0.864219 0.108307 0.204193
0 0.868939 0.708466 0.098370 0.175874
0 0.963037 0.582522 0.073926 0.180346
0 0.822734 0.423788 0.071542 0.152027
0 0.926073 0.350755 0.075517 0.152027
0 0.763613 0.277723 0.068561 0.116256
0 0.855028 0.221085 0.064587 0.110294
0 0.722377 0.091415 0.055644 0.104332
0 0.826709 0.068313 0.057631 0.105823
0 0.962341 0.073529 0.058625 0.122218
0 0.910175 0.200219 0.053657 0.116256
0 0.912659 0.039746 0.048688 0.079491
0 0.979928 0.320201 0.040143 0.156498
0 0.602643 0.055644 0.046701 0.098370
0 0.666733 0.045707 0.049682 0.091414