0 0.407609 0.687794 0.080787 0.152027
0 0.667597 0.681735 0.098414 0.201601
0 0.470035 0.416238 0.073443 0.135502
0 0.550455 0.431661 0.068302 0.113469
0 0.339674 0.461406 0.077115 0.131096
0 0.159004 0.106125 0.065364 0.116774
0 0.219227 0.140827 0.074177 0.109063
0 0.319844 0.234467 0.066833 0.131096
0 0.391084 0.177181 0.060958 0.131096
0 0.484724 0.113837 0.066099 0.116774
0 0.725617 0.197562 0.066099 0.127791
0 0.654377 0.308277 0.074912 0.133299
0 0.775191 0.098414 0.055082 0.094741
0 0.945212 0.103922 0.052879 0.105758
0 0.672004 0.090151 0.058754 0.128892
0 0.843493 0.197562 0.055082 0.134401
0 0.977012 0.882234 0.045975 0.175162
0 0.290834 0.088499 0.052879 0.118978
0 0.471504 0.223450 0.077850 0.142112
0 0.757197 0.048105 0.066099 0.096210
0 0.828070 0.055266 0.056551 0.110532
0 0.913264 0.393655 0.069771 0.116774
0 0.521959 0.032095 0.057432 0.064189
0 0.359797 0.035895 0.060811 0.071790
0 0.023649 0.054899 0.047297 0.109797
0 0.847973 0.758446 0.094595 0.152027