0 0.162584 0.602075 0.019908 0.036197
0 0.287765 0.578547 0.032577 0.063345
0 0.225024 0.593026 0.019305 0.038007
0 0.024433 0.678089 0.048866 0.137548
0 0.079030 0.591216 0.026544 0.043436
0 0.354513 0.582662 0.034217 0.065619
0 0.401940 0.593707 0.024255 0.040930
0 0.382666 0.578439 0.018624 0.035083
0 0.426412 0.598255 0.023822 0.043529
0 0.448501 0.589484 0.017758 0.035083
0 0.501343 0.582662 0.011694 0.020140
0 0.637561 0.581687 0.020790 0.029886
0 0.510655 0.575515 0.007796 0.016242
0 0.846111 0.549528 0.041147 0.068217
0 0.915627 0.548229 0.040714 0.063020