0 0.430666 0.212081 0.040517 0.036461
0 0.511294 0.233350 0.046189 0.041322
0 0.386503 0.176228 0.052672 0.049830
0 0.454976 0.182000 0.037275 0.045576
0 0.431071 0.176531 0.041327 0.041930
0 0.457407 0.288952 0.043758 0.048007
0 0.461459 0.346986 0.061585 0.049830
0 0.484553 0.340605 0.038086 0.044361
0 0.422563 0.296245 0.035655 0.045576
0 0.386098 0.282876 0.051861 0.050438
0 0.321271 0.277406 0.045379 0.046791
0 0.366245 0.339086 0.068878 0.054691
0 0.262927 0.257049 0.058344 0.052261
0 0.258471 0.317210 0.049430 0.064414
0 0.273462 0.298675 0.059965 0.050438
0 0.207825 0.317210 0.066447 0.064414
0 0.162446 0.278014 0.055103 0.057730
0 0.133274 0.187773 0.063206 0.060768
0 0.110180 0.269507 0.051051 0.049222
0 0.063586 0.261911 0.056723 0.043753
0 0.077766 0.310829 0.073740 0.075960
0 0.021258 0.302018 0.042516 0.080214
0 0.737782 0.161643 0.160446 0.134905