0 0.038007 0.251689 0.076014 0.146959
0 0.385036 0.521413 0.104332 0.201212
0 0.493839 0.341812 0.097377 0.184817
0 0.630962 0.324672 0.097377 0.186308
0 0.592210 0.612331 0.107313 0.168422
0 0.504273 0.894028 0.102345 0.198231
0 0.718899 0.854531 0.108307 0.229531
0 0.273789 0.925816 0.108390 0.148367
0 0.790400 0.564471 0.102759 0.194257
0 0.877675 0.765062 0.116836 0.219595
0 0.867821 0.264640 0.102759 0.202703
0 0.956785 0.487401 0.086430 0.221706
0 0.945946 0.107334 0.070383 0.124578
0 0.884009 0.108390 0.081644 0.164696
0 0.779139 0.139006 0.063345 0.124578
0 0.712275 0.097832 0.087275 0.168919
0 0.639077 0.146396 0.064752 0.105574
0 0.556729 0.148508 0.088682 0.168919
0 0.499718 0.115780 0.056306 0.107686
0 0.383587 0.169623 0.094313 0.160473
0 0.194961 0.231912 0.080236 0.149916
0 0.123874 0.212908 0.056306 0.107686
0 0.311092 0.390273 0.081644 0.179476
0 0.236486 0.588753 0.095721 0.179476
0 0.139358 0.577140 0.000000 0.008446
0 0.130208 0.389217 0.094313 0.181588
0 0.064752 0.703829 0.104167 0.173142
0 0.027449 0.403998 0.054898 0.177365