0 0.504591 0.525209 0.031185 0.050681
0 0.594248 0.516762 0.028586 0.044184
0 0.421431 0.575890 0.034650 0.050681
0 0.302538 0.534956 0.029019 0.046783
0 0.100918 0.723711 0.032918 0.053930
0 0.061287 0.641516 0.033351 0.045483
0 0.075580 0.675629 0.028153 0.040935
0 0.048077 0.740605 0.032918 0.053930
0 0.693001 0.555748 0.038981 0.054580
0 0.733281 0.551200 0.037249 0.053280
0 0.860620 0.667182 0.036383 0.069524
0 0.939233 0.695122 0.031618 0.043534
0 0.963488 0.669131 0.036816 0.055230
0 0.789029 0.984911 0.032895 0.030178
0 0.936166 0.968573 0.032895 0.062854