0 0.664158 0.479730 0.116708 0.120393
0 0.575092 0.423526 0.090602 0.093980
0 0.673372 0.417998 0.122850 0.096437
0 0.845746 0.426290 0.155866 0.127764
0 0.973357 0.449939 0.053286 0.107494
0 0.755528 0.470209 0.079853 0.085381
0 0.453778 0.528870 0.142813 0.095823
0 0.348203 0.491400 0.105190 0.109337
0 0.224201 0.488636 0.121314 0.102580
0 0.195408 0.419226 0.089834 0.082924
0 0.266431 0.428747 0.081388 0.073710
0 0.153179 0.467138 0.080620 0.076781
0 0.087915 0.475430 0.077549 0.087224
0 0.049140 0.489251 0.052211 0.068182
0 0.531327 0.467138 0.072174 0.058354