0 0.543919 0.755125 0.070946 0.134543
0 0.596284 0.607889 0.070946 0.119312
0 0.771115 0.781780 0.089527 0.172622
0 0.646115 0.823666 0.082770 0.134543
0 0.673142 0.921400 0.096284 0.152313
0 0.963682 0.700546 0.072635 0.111696
0 0.519810 0.578069 0.045557 0.097696
0 0.464783 0.624994 0.059378 0.105389
0 0.460944 0.543068 0.048628 0.080003
0 0.533630 0.521913 0.044533 0.088465
0 0.613739 0.519221 0.046069 0.073849
0 0.616298 0.438064 0.041974 0.079234
0 0.575348 0.410756 0.042998 0.064618
0 0.372149 0.786526 0.065456 0.132481
0 0.307749 0.934713 0.073902 0.130574
0 0.248100 0.803582 0.080236 0.125341
0 0.275285 0.704023 0.078653 0.081710
0 0.298511 0.596134 0.069151 0.081710
0 0.372941 0.699660 0.070207 0.087263
0 0.361064 0.666341 0.055954 0.082503
0 0.354994 0.485469 0.042758 0.088849
0 0.278188 0.503318 0.048564 0.076950
0 0.482502 0.460821 0.037249 0.066393
0 0.473406 0.411677 0.036383 0.056629
0 0.569993 0.321851 0.037249 0.067044
0 0.540107 0.302324 0.032051 0.048818
0 0.518884 0.312413 0.017325 0.055978
0 0.496795 0.306880 0.038981 0.054026
0 0.385482 0.282146 0.027720 0.054026
0 0.504808 0.358302 0.038548 0.063138
0 0.603993 0.343657 0.029019 0.050771
0 0.390896 0.431530 0.036816 0.063789
0 0.328526 0.457241 0.042013 0.082666
0 0.316398 0.398333 0.043746 0.061186
0 0.267455 0.451057 0.048943 0.071600
0 0.255977 0.432832 0.047644 0.068997
0 0.193174 0.477094 0.048510 0.102844
0 0.129071 0.682782 0.066701 0.117164
0 0.075147 0.643076 0.060204 0.100240
0 0.029669 0.538930 0.059338 0.111957
0 0.151377 0.490112 0.048077 0.071600
0 0.094638 0.484579 0.037682 0.076157
0 0.119326 0.434459 0.049809 0.061837
0 0.059988 0.352770 0.035083 0.049469
0 0.165670 0.276613 0.036816 0.063789
0 0.068434 0.400286 0.042446 0.065091
0 0.075364 0.192971 0.023389 0.043611
0 0.435508 0.343657 0.040281 0.052073
0 0.805180 0.927850 0.080561 0.141248
0 0.860404 0.610531 0.050676 0.100240
0 0.794352 0.583518 0.052841 0.089175
0 0.697332 0.624200 0.056306 0.106750
0 0.757970 0.471886 0.040714 0.092429
0 0.792836 0.496947 0.056739 0.091779
0 0.846111 0.523634 0.043746 0.081364
0 0.849359 0.406795 0.036383 0.070298
0 0.900035 0.489787 0.038981 0.070949
0 0.921258 0.551949 0.047644 0.091128
0 0.978430 0.504758 0.038981 0.078760
0 0.632147 0.513545 0.039414 0.076808
0 0.641242 0.297442 0.027287 0.050771
0 0.674160 0.310786 0.023822 0.050120
0 0.901117 0.316970 0.023822 0.050771
0 0.932519 0.310135 0.025988 0.048818
0 0.981679 0.328686 0.029019 0.049469
0 0.915411 0.258062 0.022089 0.034498
0 0.890506 0.272708 0.025121 0.040357
0 0.868416 0.285075 0.029453 0.048167
0 0.745625 0.348213 0.035949 0.055978
0 0.903716 0.438690 0.040281 0.052073
0 0.881627 0.387593 0.028153 0.048818
0 0.826187 0.243091 0.021223 0.033196
0 0.976698 0.235606 0.015593 0.035149
0 0.938366 0.222913 0.016026 0.034498
0 0.797167 0.287678 0.024688 0.041658
0 0.816658 0.364161 0.029019 0.057931
0 0.884875 0.348539 0.030319 0.031895
0 0.964354 0.331290 0.022956 0.040357