0 0.462578 0.598904 0.028586 0.051325
0 0.433559 0.484884 0.015593 0.028586
0 0.556999 0.492355 0.017325 0.024038
0 0.483585 0.816550 0.072332 0.130587
0 0.443520 0.782766 0.044179 0.072115
0 0.604643 0.771396 0.045911 0.087058
0 0.408004 0.695708 0.043313 0.078612
0 0.366273 0.771396 0.061374 0.104730
0 0.577789 0.733714 0.048510 0.075364
0 0.632796 0.659325 0.024255 0.050026
0 0.586668 0.587210 0.022956 0.044828
0 0.622834 0.621318 0.029453 0.049376
0 0.721587 0.778868 0.052841 0.086409
0 0.828136 0.679141 0.057173 0.087058
0 0.812327 0.831817 0.082727 0.124740
0 0.895920 0.676542 0.067134 0.103950
0 0.834849 0.603127 0.027287 0.041580
0 0.900035 0.562522 0.020790 0.031835
0 0.952226 0.640484 0.042879 0.063020
0 0.795868 0.649905 0.038548 0.062370
0 0.754288 0.646656 0.035949 0.048077
0 0.954608 0.661274 0.037249 0.043529
0 0.494196 0.598255 0.021656 0.043529
0 0.260308 0.670370 0.032051 0.055223
0 0.205518 0.657051 0.042013 0.051975
0 0.231722 0.654128 0.025121 0.043529
0 0.184511 0.706103 0.038115 0.034433
0 0.158957 0.790237 0.078829 0.131237
0 0.211365 0.776594 0.047644 0.111746
0 0.127989 0.636911 0.034217 0.042879
0 0.151594 0.625866 0.024255 0.038981
0 0.271570 0.610274 0.020790 0.038981
0 0.243416 0.612872 0.025988 0.038981
0 0.194906 0.559273 0.018191 0.034433
0 0.047211 0.589809 0.024255 0.035733
0 0.025121 0.734039 0.050242 0.092905
0 0.093988 0.634312 0.034650 0.054574
0 0.134052 0.553426 0.019491 0.029236
0 0.053708 0.557649 0.020790 0.028586
0 0.311201 0.485858 0.011694 0.020140
0 0.327659 0.605401 0.020357 0.037032
0 0.333073 0.574216 0.016459 0.031835
0 0.798900 0.594681 0.025554 0.038981
0 0.695816 0.571942 0.021223 0.032484