0 0.950884 0.641038 0.098232 0.191965
0 0.810161 0.685862 0.170218 0.273818
0 0.882277 0.452971 0.031185 0.055543
0 0.808537 0.474409 0.026637 0.045799
0 0.793594 0.496334 0.037032 0.046773
0 0.701338 0.493897 0.079912 0.104265
0 0.611032 0.527028 0.053924 0.084776
0 0.604210 0.647859 0.079262 0.145192
0 0.494088 0.496821 0.046128 0.078930
0 0.551910 0.841773 0.113695 0.197812
0 0.494088 0.610830 0.073415 0.135447
0 0.437565 0.539696 0.037032 0.065288
0 0.421648 0.591829 0.058472 0.089649
0 0.377469 0.548466 0.041580 0.084776
0 0.341736 0.479281 0.045478 0.063339
0 0.372596 0.748714 0.122791 0.216326
0 0.329392 0.559672 0.092256 0.142269
0 0.293009 0.449560 0.028586 0.058467
0 0.234213 0.566006 0.053924 0.084776
0 0.172817 0.517284 0.050676 0.063339
0 0.160473 0.673682 0.085759 0.177348
0 0.076338 0.751637 0.117594 0.229968
0 0.080561 0.612779 0.057173 0.088674
0 0.016892 0.590854 0.033784 0.150064
0 0.250130 0.441765 0.025988 0.038978
0 0.096154 0.491949 0.049376 0.073083
0 0.022089 0.494385 0.044178 0.097444
0 0.056848 0.560647 0.064319 0.101342
0 0.199779 0.490974 0.031835 0.051645
0 0.717581 0.604497 0.073415 0.142269