0 0.291444 0.125668 0.377897 0.251336
0 0.796791 0.052807 0.319073 0.105614
0 0.864082 0.165107 0.271836 0.180481
0 0.858734 0.315508 0.282531 0.147059
0 0.855169 0.472594 0.289661 0.140374
0 0.849822 0.626337 0.300356 0.161765
0 0.578431 0.788770 0.199643 0.208556
0 0.586453 0.640374 0.197861 0.181818
0 0.592692 0.502005 0.213904 0.151070
0 0.588235 0.345588 0.208556 0.156417
0 0.604278 0.185829 0.215686 0.195187
0 0.309269 0.554144 0.352941 0.228610
0 0.303922 0.340909 0.360071 0.205882
0 0.065508 0.577540 0.131016 0.235294
0 0.057487 0.334893 0.114973 0.239305
0 0.311943 0.727273 0.351159 0.251337
0 0.321747 0.880348 0.324421 0.239304