0 0.326537 0.316176 0.278743 0.097594
0 0.628342 0.315508 0.276738 0.098930
0 0.630348 0.427139 0.272727 0.100267
0 0.326537 0.425134 0.270722 0.096257
0 0.325535 0.537433 0.280749 0.096257
0 0.319519 0.649064 0.280749 0.100267
0 0.625334 0.541444 0.282754 0.096257
0 0.889372 0.655080 0.221256 0.101604
0 0.888369 0.778075 0.223262 0.101604
0 0.893382 0.539439 0.213235 0.105615
0 0.908422 0.360294 0.183155 0.110963
0 0.788770 0.921791 0.252674 0.108289
0 0.401738 0.828877 0.120321 0.334225
0 0.275401 0.928476 0.132353 0.100267